1
Usman
1837
174
5
2
Marvelous
1487
137
5
3
Naf
1428
135
5
4
Noah
1364
131
5
5
Aqib
1216
106
4
6
mia
1206
117
4
7
Marius
1201
127
5
8
mm
1195
126
5
9
tom
1180
110
4
10
Dima
1177
109
4
11
mason
1164
118
4
12
Sup
1134
111
4
13
maciej
1100
101
4
14
victor
1090
113
4
15
Jude
1087
111
4
16
Kavin
1086
98
4
17
rames
1086
98
4
18
jayaed
1084
98
4
19
DANOSSO
1084
98
4
20
Jamie
1071
95
4
21
Juro
1064
131
5
22
oli
935
85
3
23
megan
932
97
4
24
Aryan
897
114
4
25
Leo
883
85
3
26
Jamie
878
83
3
27
raina
852
90
4
28
emsrd
838
73
3
29
kohei
832
72
3
30
Isaac
824
82
3
31
Noah
811
80
3
32
Matthew Oldham
803
103
4
33
kaya
794
88
3
34
Owen
790
74
3
35
Josh
789
73
3
36
Marcus
788
86
3
37
cpc
785
73
3
38
Alan
783
72
3
39
tahmid
775
70
3
40
Haaris
738
99
4
41
jack oakes
733
72
3
42
cheese
729
58
2
43
leo
726
70
3
44
bayley
692
74
3
45
ivan
684
73
3
46
AMELIE
676
71
3
47
Wendy
666
67
3
48
matthew
610
66
3
49
Allen
547
50
2
50
Jupiter
537
86
3
51
marcel
531
46
2
52
a
518
56
2
53
anadya
487
48
2
54
Jeff
359
66
3
55
Rhys
346
37
2
56
Ern Qi
334
60
3
57
benny
314
29
1
58
sonia
78
7
1
59
dexter
7
2
1
